    0.1502
    0.0037
    0.1390
   -0.0222
    0.1095
   -0.0481
    0.0788
   -0.0666
    0.0737
   -0.0753
    0.0698
   -0.0768
    0.0684
   -0.0794
    0.0669
   -0.0760
    0.0655
   -0.0750
    0.0677
   -0.0813
    0.0663
   -0.0779
    0.0636
   -0.0781
    0.0646
   -0.0783
    0.0608
   -0.0810
    0.0605
   -0.0861
    0.0591
   -0.0875
    0.0589
   -0.0840
    0.0587
   -0.0891
    0.0548
   -0.0857
    0.0595
   -0.0847
    0.0580
   -0.0861
    0.0615
   -0.0839
    0.0625
   -0.0817
    0.0610
   -0.0868
    0.0620
   -0.0846
    0.0618
   -0.0811
    0.0628
   -0.0825
    0.0626
   -0.0815
    0.0648
   -0.0818
    0.0622
   -0.0783
    0.0656
   -0.0810
    0.0654
   -0.0800
    0.0652
   -0.0753
    0.0772
   -0.0621
    0.0904
   -0.0562
    0.0706
   -0.0674
    0.0668
   -0.0762
    0.0629
   -0.0788
    0.0663
   -0.0607
    0.0978
    0.0208
    0.2954
   -0.0075
    0.0327
   -0.1322
    0.0325
   -0.0897
    0.0604
   -0.0826
    0.0662
   -0.0767
    0.0697
   -0.0720
    0.0670
   -0.0747
    0.0705
   -0.0712
    0.0690
   -0.0702
    0.0774
   -0.0631
    0.0833
   -0.0572
    0.0891
   -0.0501
    0.0999
   -0.0381
    0.1095
   -0.0249
    0.1276
   -0.0032
    0.1444
    0.0125
    0.1637
    0.0233
    0.1599
    0.0035
    0.1279
   -0.0321
    0.0996
   -0.0531
    0.0872
   -0.0594
    0.0845
   -0.0584
    0.0831
   -0.0611
    0.0853
   -0.0588
    0.0827
   -0.0615
    0.0824
   -0.0641
    0.0810
   -0.0631
    0.0820
   -0.0658
    0.0757
   -0.0624
    0.0743
   -0.0638
    0.0740
   -0.0701
    0.0750
   -0.0679
    0.0712
   -0.0705
    0.0697
   -0.0732
    0.0720
   -0.0734
    0.0717
   -0.0700
    0.0727
   -0.0702
    0.0713
   -0.0692
    0.0711
   -0.0718
    0.0733
   -0.0660
    0.0719
   -0.0686
    0.0704
   -0.0701
    0.0702
   -0.0703
    0.0724
   -0.0717
    0.0698
   -0.0683
    0.0684
   -0.0697
    0.0694
   -0.0711
    0.0679
   -0.0701
    0.0726
   -0.0691
    0.0748
   -0.0596
    0.0929
   -0.0525
    0.0841
   -0.0673
    0.0705
   -0.0712
    0.0642
   -0.0714
    0.0640
   -0.0741
    0.0906
   -0.0304
    0.1954
    0.1476
    0.1134
   -0.1309
    0.0253
   -0.1043
    0.0556
   -0.0764
    0.0639
   -0.0729
    0.0710
   -0.0683
    0.0708
   -0.0636
    0.0706
   -0.0638
    0.0764
   -0.0604
    0.0774
   -0.0569
    0.0833
   -0.0535
    0.0856
   -0.0513
    0.0914
   -0.0417
    0.0986
   -0.0383
    0.1093
   -0.0177
    0.1299
   -0.0021
    0.1418
    0.0123
    0.1538
    0.0048
    0.1329
   -0.0247
    0.1034
   -0.0457
    0.0836
   -0.0593
    0.0773
   -0.0632
    0.0771
   -0.0561
    0.0781
   -0.0600
    0.0803
   -0.0577
    0.0764
   -0.0543
    0.0750
   -0.0618
    0.0784
   -0.0596
    0.0758
   -0.0611
    0.0768
   -0.0613
    0.0766
   -0.0615
    0.0739
   -0.0605
    0.0737
   -0.0644
    0.0747
   -0.0658
    0.0769
   -0.0624
    0.0706
   -0.0675
    0.0704
   -0.0652
    0.0714
   -0.0630
    0.0699
   -0.0632
    0.0673
   -0.0671
    0.0707
   -0.0661
    0.0681
   -0.0675
    0.0679
   -0.0616
    0.0737
   -0.0643
    0.0662
   -0.0657
    0.0696
   -0.0672
    0.0706
   -0.0625
    0.0717
   -0.0664
    0.0714
   -0.0629
    0.0773
   -0.0546
    0.0942
   -0.0451
    0.0818
   -0.0599
    0.0742
   -0.0626
    0.0704
   -0.0628
    0.0689
   -0.0655
    0.1004
   -0.0132
    0.2308
    0.1062
    0.0963
   -0.1223
    0.0314
   -0.0969
    0.0581
   -0.0714
    0.0664
   -0.0655
    0.0711
   -0.0621
    0.0708
   -0.0648
    0.0767
   -0.0625
    0.0753
   -0.0591
    0.0787
   -0.0569
    0.0822
   -0.0473
    0.0893
   -0.0475
    0.0952
   -0.0368
    0.1059
   -0.0248
    0.1179
   -0.0103
    0.1360
    0.0065
    0.1517
    0.0197
    0.1576
    0.0134
    0.1305
   -0.0222
    0.1010
   -0.0395
    0.0922
   -0.0483
    0.0847
   -0.0509
    0.0820
   -0.0572
    0.0867
   -0.0550
    0.0828
   -0.0565
    0.0789
   -0.0542
    0.0799
   -0.0557
    0.0748
   -0.0595
    0.0746
   -0.0622
    0.0756
   -0.0575
    0.0766
   -0.0602
    0.0789
   -0.0592
    0.0738
   -0.0606
    0.0772
   -0.0645
    0.0733
   -0.0647
    0.0731
   -0.0625
    0.0741
   -0.0591
    0.0776
   -0.0629
    0.0725
   -0.0583
    0.0747
   -0.0609
    0.0720
   -0.0587
    0.0767
   -0.0614
    0.0740
   -0.0640
    0.0726
   -0.0606
    0.0712
   -0.0632
    0.0722
   -0.0610
    0.0744
   -0.0576
    0.0803
   -0.0553
    0.0801
   -0.0433
    0.0945
   -0.0326
    0.0992
   -0.0474
    0.0733
   -0.0611
    0.0694
   -0.0698
    0.0643
   -0.0676
    0.0690
   -0.0312
    0.1335
    0.1175
    0.2187
   -0.0695
    0.0012
   -0.1161
    0.0339
   -0.0797
    0.0533
   -0.0762
    0.0579
   -0.0789
    0.0577
   -0.0730
    0.0587
   -0.0696
    0.0622
   -0.0710
    0.0668
   -0.0651
    0.0654
   -0.0592
    0.0762
   -0.0558
    0.0808
   -0.0462
    0.0891
   -0.0404
    0.0975
   -0.0271
    0.1180
   -0.0066
    0.1324
    0.0078
    0.1505
    0.0125
    0.1332
   -0.0134
    0.1049
   -0.0404
    0.0840
   -0.0590
    0.0752
   -0.0641
    0.0750
   -0.0618
    0.0687
   -0.0621
    0.0697
   -0.0635
    0.0695
   -0.0649
    0.0680
   -0.0676
    0.0678
   -0.0690
    0.0664
   -0.0680
    0.0613
   -0.0695
    0.0647
   -0.0721
    0.0621
   -0.0711
    0.0582
   -0.0786
    0.0519
   -0.0776
    0.0577
   -0.0803
    0.0526
   -0.0793
    0.0536
   -0.0795
    0.0559
   -0.0773
    0.0544
   -0.0775
    0.0542
   -0.0741
    0.0540
   -0.0779
    0.0587
   -0.0782
    0.0597
   -0.0759
    0.0582
   -0.0737
    0.0544
   -0.0739
    0.0554
   -0.0754
    0.0588
   -0.0731
    0.0610
   -0.0697
    0.0608
   -0.0675
    0.0557
   -0.0665
    0.0701
   -0.0520
    0.0809
   -0.0571
    0.0673
   -0.0671
    0.0610
   -0.0722
    0.0607
   -0.0700
    0.0593
   -0.0495
    0.0981
    0.0333
    0.2945
   -0.0145
    0.0098
   -0.1124
    0.0316
   -0.0747
    0.0607
   -0.0640
    0.0690
   -0.0605
    0.0688
   -0.0607
    0.0673
   -0.0610
    0.0732
   -0.0575
    0.0791
   -0.0516
    0.0825
   -0.0506
    0.0823
   -0.0472
    0.0809
   -0.0437
    0.0953
   -0.0330
    0.1000
   -0.0197
    0.1193
   -0.0065
    0.1374
    0.0079
    0.1470
    0.0174
    0.1431
   -0.0011
    0.1123
   -0.0330
    0.0889
   -0.0516
    0.0765
   -0.0542
    0.0714
   -0.0557
    0.0712
   -0.0608
    0.0746
   -0.0536
    0.0769
   -0.0575
    0.0742
   -0.0590
    0.0740
   -0.0567
    0.0738
   -0.0594
    0.0711
   -0.0572
    0.0721
   -0.0598
    0.0707
   -0.0576
    0.0705
   -0.0566
    0.0715
   -0.0641
    0.0676
   -0.0644
    0.0649
   -0.0646
    0.0647
   -0.0660
    0.0608
   -0.0699
    0.0643
   -0.0640
    0.0677
   -0.0667
    0.0651
   -0.0632
    0.0648
   -0.0671
    0.0622
   -0.0661
    0.0681
   -0.0651
    0.0618
   -0.0641
    0.0652
   -0.0667
    0.0638
   -0.0645
    0.0648
   -0.0586
    0.0707
   -0.0625
    0.0765
   -0.0505
    0.0885
   -0.0385
    0.0859
   -0.0607
    0.0698
   -0.0646
    0.0683
   -0.0685
    0.0669
   -0.0638
    0.0838
   -0.0286
    0.1666
    0.1677
    0.1468
   -0.0925
    0.0160
   -0.0964
    0.0573
   -0.0673
    0.0644
   -0.0590
    0.0727
   -0.0592
    0.0725
   -0.0631
    0.0698
   -0.0560
    0.0733
   -0.0550
    0.0780
   -0.0503
    0.0863
   -0.0420
    0.0873
   -0.0386
    0.0944
   -0.0327
    0.1003
   -0.0207
    0.1196
   -0.0026
    0.1377
    0.0143
    0.1509
    0.0238
    0.1605
    0.0212
    0.1444
   -0.0071
    0.1124
   -0.0342
    0.0927
   -0.0429
    0.0863
   -0.0480
    0.0825
   -0.0507
    0.0822
   -0.0473
    0.0845
   -0.0450
    0.0867
   -0.0477
    0.0804
   -0.0540
    0.0765
   -0.0506
    0.0775
   -0.0520
    0.0748
   -0.0595
    0.0746
   -0.0561
    0.0732
   -0.0575
    0.0730
   -0.0565
    0.0752
   -0.0555
    0.0738
   -0.0557
    0.0723
   -0.0621
    0.0709
   -0.0623
    0.0719
   -0.0613
    0.0717
   -0.0591
    0.0690
   -0.0629
    0.0688
   -0.0619
    0.0674
   -0.0621
    0.0684
   -0.0636
    0.0694
   -0.0638
    0.0692
   -0.0652
    0.0677
   -0.0630
    0.0687
   -0.0632
    0.0734
   -0.0610
    0.0707
   -0.0624
    0.0815
   -0.0504
    0.0959
   -0.0397
    0.0811
   -0.0631
    0.0711
   -0.0670
    0.0660
   -0.0635
    0.0658
   -0.0637
    0.1034
    0.0056
    0.2729
    0.0811
    0.0590
   -0.1291
    0.0258
   -0.0915
    0.0574
   -0.0721
    0.0645
   -0.0675
    0.0642
   -0.0677
    0.0677
   -0.0655
    0.0724
   -0.0596
    0.0709
   -0.0561
    0.0805
   -0.0551
    0.0839
   -0.0468
    0.0837
   -0.0446
    0.0920
   -0.0424
    0.0955
   -0.0267
    0.1111
   -0.0098
    0.1280
    0.0009
    0.1437
    0.0129
    0.1495
    0.0029
    0.1261
   -0.0229
    0.1015
   -0.0427
    0.0866
   -0.0514
    0.0779
   -0.0529
    0.0801
   -0.0531
    0.0799
   -0.0557
    0.0784
   -0.0584
    0.0746
   -0.0574
    0.0719
   -0.0625
    0.0717
   -0.0615
    0.0690
   -0.0641
    0.0688
   -0.0656
    0.0662
   -0.0633
    0.0696
   -0.0648
    0.0657
   -0.0674
    0.0667
   -0.0664
    0.0641
   -0.0667
    0.0651
   -0.0669
    0.0661
   -0.0708
    0.0659
   -0.0673
    0.0656
   -0.0700
    0.0630
   -0.0690
    0.0603
   -0.0728
    0.0626
   -0.0718
    0.0599
   -0.0745
    0.0658
   -0.0674
    0.0668
   -0.0664
    0.0702
   -0.0678
    0.0676
   -0.0680
    0.0661
   -0.0695
    0.0696
   -0.0636
    0.0742
   -0.0540
    0.0850
   -0.0433
    0.0872
   -0.0594
    0.0736
   -0.0632
    0.0636
   -0.0647
    0.0671
   -0.0673
    0.0754
   -0.0382
    0.1472
    0.1642
    0.1836
   -0.0863
    0.0125
   -0.1012
    0.0489
   -0.0709
    0.0658
   -0.0662
    0.0704
   -0.0640
    0.0702
   -0.0630
    0.0688
   -0.0620
    0.0747
   -0.0597
    0.0744
   -0.0551
    0.0828
   -0.0516
    0.0813
   -0.0494
    0.0872
   -0.0411
    0.0992
   -0.0340
    0.1063
   -0.0171
    0.1244
   -0.0026
    0.1425
    0.0142
    0.1545
    0.0189
    0.1372
   -0.0131
    0.1113
   -0.0365
    0.0891
   -0.0489
    0.0853
   -0.0516
    0.0802
   -0.0554
    0.0775
   -0.0593
    0.0761
   -0.0571
    0.0734
   -0.0585
    0.0756
   -0.0636
    0.0705
   -0.0626
    0.0715
   -0.0665
    0.0726
   -0.0679
    0.0687
   -0.0657
    0.0697
   -0.0659
    0.0719
   -0.0637
    0.0680
   -0.0651
    0.0666
   -0.0654
    0.0700
   -0.0668
    0.0674
   -0.0670
    0.0708
   -0.0636
    0.0694
   -0.0638
    0.0704
   -0.0652
    0.0702
   -0.0667
    0.0712
   -0.0644
    0.0722
   -0.0610
    0.0744
   -0.0588
    0.0730
   -0.0590
    0.0691
   -0.0604
    0.0762
   -0.0643
    0.0699
   -0.0609
    0.0733
   -0.0598
    0.0804
   -0.0552
    0.0924
   -0.0420
    0.0898
   -0.0654
    0.0712
   -0.0680
    0.0637
   -0.0707
    0.0659
   -0.0734
    0.0901
   -0.0272
    0.1900
    0.1728
    0.1226
   -0.1143
    0.0211
   -0.1047
    0.0636
   -0.0720
    0.0634
   -0.0722
    0.0681
   -0.0700
    0.0678
   -0.0665
    0.0737
   -0.0668
    0.0760
   -0.0633
    0.0770
   -0.0586
    0.0792
   -0.0601
    0.0838
   -0.0518
    0.0897
   -0.0447
    0.1005
   -0.0327
    0.1113
   -0.0133
    0.1306
    0.0023
    0.1523
    0.0228
    0.1595
    0.0116
    0.1397
   -0.0179
    0.1102
   -0.0425
    0.0856
   -0.0561
    0.0780
   -0.0600
    0.0790
   -0.0639
    0.0788
   -0.0629
    0.0761
   -0.0607
    0.0747
   -0.0621
    0.0721
   -0.0672
    0.0718
   -0.0674
    0.0704
   -0.0701
    0.0702
   -0.0727
    0.0626
   -0.0717
    0.0685
   -0.0744
    0.0646
   -0.0722
    0.0644
   -0.0748
    0.0606
   -0.0738
    0.0664
   -0.0777
    0.0638
   -0.0718
    0.0611
   -0.0733
    0.0670
   -0.0723
    0.0644
   -0.0700
    0.0690
   -0.0727
    0.0664
   -0.0729
    0.0649
   -0.0731
    0.0684
   -0.0685
    0.0645
   -0.0723
    0.0692
   -0.0726
    0.0665
   -0.0703
    0.0699
   -0.0718
    0.0685
   -0.0695
    0.0744
   -0.0649
    0.0852
   -0.0504
    0.0862
   -0.0665
    0.0701
   -0.0704
    0.0699
   -0.0718
    0.0672
   -0.0782
    0.0768
   -0.0503
    0.1522
    0.1643
    0.1581
   -0.1106
    0.0029
   -0.1120
    0.0515
   -0.0768
    0.0622
   -0.0746
    0.0681
   -0.0748
    0.0655
   -0.0750
    0.0689
   -0.0716
    0.0736
   -0.0681
    0.0770
   -0.0622
    0.0805
   -0.0576
    0.0851
   -0.0590
    0.0861
   -0.0495
    0.0981
   -0.0362
    0.1113
   -0.0182
    0.1319
   -0.0037
    0.1488
    0.0107
    0.1595
    0.0154
    0.1434
   -0.0154
    0.1103
   -0.0437
    0.0905
   -0.0549
    0.0818
   -0.0612
    0.0803
   -0.0626
    0.0825
   -0.0604
    0.0799
   -0.0618
    0.0772
   -0.0608
    0.0819
   -0.0647
    0.0792
   -0.0637
    0.0790
   -0.0664
    0.0764
   -0.0666
    0.0749
   -0.0643
    0.0759
   -0.0609
    0.0769
   -0.0648
    0.0755
   -0.0638
    0.0728
   -0.0640
    0.0763
   -0.0654
    0.0761
   -0.0656
    0.0771
   -0.0622
    0.0744
   -0.0673
    0.0791
   -0.0687
    0.0728
   -0.0616
    0.0786
   -0.0643
    0.0809
   -0.0633
    0.0782
   -0.0672
    0.0707
   -0.0698
    0.0741
   -0.0700
    0.0715
   -0.0666
    0.0749
   -0.0631
    0.0759
   -0.0658
    0.0830
   -0.0550
    0.0962
   -0.0443
    0.0887
   -0.0591
    0.0799
   -0.0691
    0.0773
   -0.0669
    0.0770
   -0.0671
    0.1110
   -0.0014
    0.2561
    0.1046